5.648 3.184 3.379
5.442 3.411 3.625
5.245 3.651 3.391
5.103 3.359 3.181
4.937 3.208 3.495
4.799 3.553 3.595
4.649 3.589 3.242
4.498 3.234 3.266
4.349 3.313 3.613
4.200 3.644 3.483
4.049 3.462 3.178
3.901 3.188 3.406
3.752 3.454 3.642
3.600 3.644 3.343
3.449 3.318 3.203
3.302 3.228 3.548
3.152 3.582 3.583
2.999 3.561 3.230
2.850 3.214 3.305
2.703 3.342 3.638
2.553 3.650 3.461
2.399 3.427 3.186
2.251 3.191 3.452
2.110 3.490 3.650
1.956 3.636 3.328
1.791 3.297 3.244
1.661 3.274 3.607
1.485 3.615 3.546
1.303 3.494 3.226
1.084 3.194 3.340
